11
 0.41 0.8                0 0    0.02999 1 250 0   0
 0.47 0.8                0 0    0.02999 1 0   250 0
 0.53 0.8                0 0    0.02999 1 0   0   250
 0.59 0.8                0 0    0.02999 1 250 150 0
 0.44 0.7480384757729337 0 0    0.02999 1 250 0   150
 0.50 0.7480384757729337 0 0    0.02999 1 0   250 150
 0.56 0.7480384757729337 0 0    0.02999 1 150 250 0
 0.47 0.6960769515458675 0 0    0.02999 1 150 0   250
 0.53 0.6960769515458675 0 0    0.02999 1 0   150 250
 0.5  0.6441154273188011 0 0    0.02999 1 250 150 150
 0.4  0.1                0 0.02 0.02999 1 250 250 250
 
